3 6 1
3 9 1
2 4 1
2 6 1
4 6 6
4 7 6
4 6 2
3 6 6
3 6 2
4 7 1
2 9 0
3 7 4
3 6 1
3 6 1
4 6 5
2 6 0
3 6 0
3 6 1
2 7 1
4 10 5
4 6 3
2 6 0
4 6 6
2 9 0
3 6 6
4 10 3
2 4 1
2 9 1
3 6 1
4 6 6
3 6 3
4 6 6
2 9 0
3 6 2
2 8 1
4 6 0
2 6 0
4 6 1
3 6 1
2 4 1
2 4 0
4 6 6
2 6 0
4 6 1
2 6 0
4 6 1
3 6 6
3 6 6
2 6 0
4 7 5
4 7 3
2 6 0
4 6 1
2 6 1
2 6 3
2 6 0
4 4 0
2 6 0
3 6 1
4 6 4
3 6 6
3 6 2
2 6 1
2 6 0
3 1 2
4 6 0
4 7 4
3 6 0
4 6 1
4 6 2
3 6 0
2 6 0
4 6 0
4 9 1
2 6 2
4 6 3
3 6 1
4 6 2
2 6 1
4 6 3
4 6 0
4 10 4
4 10 2
2 6 0
2 2 3
3 6 6
3 9 5
2 6 0
4 6 3
3 10 2
2 6 0
2 6 3
4 9 3
3 6 1
2 6 2
3 6 1
3 6 1
2 7 0
2 8 2
2 6 1
4 9 1
2 6 0
3 6 1
4 9 2
3 6 5
4 9 1
2 6 2
2 4 5
2 6 0
2 6 0
4 6 4
3 7 6
2 6 3
2 9 0
3 6 3
3 6 2
4 7 5
3 6 2
4 6 3
2 6 1
3 6 1
3 10 1
4 6 0
2 6 4
3 6 1
3 6 1
4 6 3
4 6 2
4 5 6
4 6 1
2 6 2
2 6 3
4 6 6
2 6 0
4 9 1
4 6 2
3 6 1
3 6 3
2 6 0
3 6 3
4 6 2
4 10 6
4 6 6
3 8 1
2 6 0
2 6 0
2 6 3
3 6 2
2 6 0
3 7 1
2 6 1
2 10 0
3 6 3
4 6 1
2 6 0
3 6 4
4 6 0
4 6 2
4 6 4
3 6 1
4 6 2
4 6 4
3 6 2
2 6 0
2 7 2
3 6 3
4 6 0
3 6 3
3 6 6
3 6 1
3 6 1
2 6 0
3 6 3
2 10 0
3 6 6
4 10 2
2 6 0
3 6 0
4 10 6
3 6 4
4 3 6
4 6 0
4 6 5
2 9 0
2 7 3
4 6 3
3 8 0
3 6 0
3 6 4
4 6 2
2 9 0
3 4 2
2 6 0
3 10 1
2 6 0
2 6 1
2 6 0
2 9 0
4 6 0
3 6 0
3 6 2
4 6 2
4 6 4
3 6 1
3 6 2
2 6 0
4 6 1
2 6 0
3 9 0
3 6 2
4 6 1
3 6 1
4 6 1
2 6 0
4 6 0
3 10 0
3 6 0
4 6 0
4 6 2
2 6 4
4 6 2
3 6 2
4 9 0
4 10 2
3 6 2
3 7 0
3 9 0
2 6 0
4 6 2
3 6 4
2 6 2
3 6 2
4 6 0
3 6 0
3 10 1
4 6 2
3 6 2
3 6 6
4 6 2
3 7 1
3 6 1
4 6 0
2 6 0
2 9 0
2 9 0
3 6 1
4 6 6
3 6 2
2 6 0
4 4 2
4 6 3
2 6 2
2 6 0
4 6 0
3 6 0
3 10 0
2 6 0
3 6 3
4 10 2
4 8 1
4 6 2
4 6 2
2 6 0
2 6 0
4 9 3
2 6 3
4 7 1
2 8 2
4 6 5
4 6 0
2 6 0
2 10 0
2 6 0
4 4 3
3 6 5
2 6 2
3 9 2
4 6 0
3 6 2
3 10 2
2 6 5
4 6 6
4 6 1
2 6 1
2 6 5
2 6 0
2 6 3
3 6 0
4 8 3
3 3 1
3 6 0
2 6 6
3 3 2
2 6 1
4 6 2
2 6 2
3 6 4
3 6 2
4 3 3
2 6 3
2 6 0
4 6 3
4 6 3
2 7 6
3 6 6
3 6 1
4 6 3
4 6 1
4 7 6
4 6 0
3 10 4
4 6 1
4 7 1
3 6 2
2 6 0
3 3 2
4 6 2
4 6 3
4 7 1
2 6 0
2 7 0
3 6 1
3 6 2
4 6 0
4 6 6
4 9 0
3 6 4
4 9 2
4 6 3
4 6 2
2 6 0
4 6 5
2 6 0
2 7 0
2 6 0
3 6 3
4 6 6
2 6 3
4 6 4
3 6 6
3 6 5
2 10 0
2 9 0
2 7 0
4 6 4
4 6 1
3 6 0
4 6 5
2 6 0
4 6 3
2 6 0
4 6 1
2 6 4
3 6 1
4 7 1
3 6 1
3 6 1
3 6 5
4 6 2
2 6 0
3 6 3
3 6 2
4 9 3
2 6 2
4 6 0
3 6 3
4 6 2
3 6 1
4 7 4
4 6 0
4 6 0
3 6 1
2 7 0
4 6 1
3 7 2
3 6 1
3 6 3
3 10 4